00
00
00
00
00
00
00
00
00
00
00
00
00
00
00
00
00
00
00
00
00
00
00
00
00
00
00
00
00
00
00
00
00
00
00
00
00
00
00
00
00
00
00
00
00
00
00
00
00
00
00
00
00
00
00
00
00
00
00
00
00
00
00
00
00
00
00
00
00
00
00
00
00
00
00
00
00
00
00
00
00
00
00
00
00
00
00
00
00
00
00
00
00
00
3a
3f
56
7f
7f
4b
2f
00
00
00
00
00
00
00
00
00
00
00
00
00
00
00
00
00
00
00
00
55
7f
7f
7f
7f
7f
7f
6d
0f
00
00
00
00
00
00
00
00
00
00
00
00
00
00
00
00
00
00
55
7f
7f
7f
6b
47
58
7f
7f
3d
00
00
00
00
00
00
00
00
00
00
00
00
00
00
00
00
00
1a
7d
7f
69
10
06
00
03
67
7f
46
00
00
00
00
00
00
00
00
00
00
00
00
00
00
00
00
00
27
7e
69
0d
00
00
00
3d
7c
7f
21
00
00
00
00
00
00
00
00
00
00
00
00
00
00
00
00
00
00
10
09
00
00
00
00
69
7f
7f
21
00
00
00
00
00
00
00
00
00
00
00
00
00
00
00
00
00
00
00
00
00
00
00
3b
7c
7f
63
05
00
00
00
00
00
00
00
00
00
00
00
00
00
00
00
00
00
00
00
00
00
00
26
7c
7f
74
20
00
00
00
00
00
00
00
00
00
00
00
00
00
00
00
00
00
00
00
00
00
00
00
40
7f
7f
48
00
00
00
00
00
00
00
00
00
00
00
00
00
00
00
00
00
00
00
00
00
00
00
58
7b
7f
50
06
00
00
00
00
00
00
00
00
00
00
00
00
00
00
00
00
00
00
00
00
00
00
0d
75
7f
75
12
00
00
00
00
00
00
00
00
00
00
00
00
00
00
00
00
00
00
00
00
00
00
00
63
7f
7f
47
00
00
00
00
00
00
00
00
00
00
00
00
00
00
00
00
00
00
00
00
00
00
00
27
7c
7f
5f
06
00
00
00
00
00
00
00
00
00
00
00
00
00
00
00
00
00
00
00
00
00
00
0a
64
7f
7f
47
00
00
00
00
00
00
00
00
00
00
00
00
00
00
00
00
00
00
00
00
00
00
00
43
7f
7f
57
06
00
00
00
00
00
00
00
00
00
00
00
00
00
00
00
00
00
00
00
00
00
00
00
7c
7f
7f
0d
00
00
00
00
00
00
00
00
00
00
00
00
00
00
00
00
00
00
00
00
00
00
00
00
7c
7f
7f
16
0a
0a
0a
0a
03
00
03
0a
0a
13
4b
4b
4b
4a
05
00
00
00
00
00
00
00
00
00
7c
7f
7f
7f
7f
7f
7f
7f
54
48
53
7f
7f
7f
7f
7f
7f
7f
3e
00
00
00
00
00
00
00
00
00
57
7f
7f
7f
7f
7f
7f
7f
7f
7f
7f
7f
7d
7c
7c
55
3b
3b
1d
00
00
00
00
00
00
00
00
00
00
3b
3e
3e
3e
53
7f
7f
7f
4e
3e
3e
15
00
00
00
00
00
00
00
00
00
00
00
00
00
00
00
00
00
00
00
00
00
00
00
00
00
00
00
00
00
00
00
00
00
00
00
00
00
00
00
00
00
00
00
00
00
00
00
00
00
00
00
00
00
00
00
00
00
00
00
00
00
00
00
00
00
00
00
00
00
00
00
00
00
00
00
00
00
00
00
00
00
00
00
00
00
00
00
00
00
00
00
00
00
00
00
00
00
00
00
00
00
00
00
00
00
00
00
00
00
00
00
00
00
00
00
00
00
00
00
00
00
00
00
00
00
00
00
00
00
00
00
00
00
00
00
00
00
00
00
00
00
00
00
00
00
00
00
